109C 32.8889 -117.1051 150.0
23732 34.2239 -117.3310 600.0
286 32.9548 -115.8243 218.0
5062 33.1775 -115.6156 -64.0
5271 33.3526 -115.7332 -96.0
5442 34.0490 -116.9403 1533.0
5443 33.8445 -116.3108 185.0
5444 33.6346 -116.0953 -10.0
AGA 33.6384 -116.4011 809.0
B081 33.7112 -116.7142 1467.0
B082 33.5982 -116.5960 1374.8
B084 33.6116 -116.4564 1271.0
B086 33.5575 -116.5310 1392.0
B087 33.4955 -116.6027 1139.0
B093 33.5937 -116.7641 1229.6
BAC 33.6122 -117.0406 551.0
BAR 32.6801 -116.6722 504.0
BAR 32.6801 -116.6722 529.0
BAT 33.4583 -115.8415 -53.0
BBB 33.3526 -115.7332 -96.0
BBR 34.2623 -116.9207 2069.0
BBS 33.9214 -116.9806 785.0
BCC 33.5751 -117.2612 391.0
BEL 34.0006 -115.9982 1388.0
BFS 34.2388 -117.6585 1312.0
BLA2 34.0693 -116.3899 1247.0
BLA 34.0695 -116.3890 1243.0
BOM 33.3646 -115.7296 -54.0
BOR 33.2682 -116.4172 252.0
BTL 34.2570 -117.0052 2527.0
BVDA 33.3267 -116.3671 232.0
BZN 33.4915 -116.6670 1301.0
CAP 33.3882 -117.1950 285.0
CBK 32.9158 -116.2523 355.0
CFS 34.1054 -117.2829 312.0
CFT 34.0355 -117.1124 682.0
CHN 33.9988 -117.6804 208.0
CLI 33.1403 -115.5266 -92.0
CLT 34.0928 -117.3169 325.0
COK 32.8495 -115.7279 -50.0
COON 32.7539 -115.9509 78.0
CPE 32.8889 -117.1051 150.0
CPE 32.8924 -117.1014 143.0
CRN 33.8757 -117.5611 135.0
CRR 32.8868 -115.9692 66.0
CRY 33.5654 -116.7373 1128.0
CSP 34.2980 -117.3583 1239.0
CTC 33.6552 -115.9901 538.0
CTW 33.6773 -115.8721 504.0
DEV 33.9360 -116.5779 337.0
DGR 33.6500 -117.0095 650.0
DNR 33.5667 -116.6306 1274.0
DPP 32.9986 -116.9415 463.0
DVT 32.6591 -116.1006 881.0
ELM 33.1772 -115.6134 -64.0
EML 32.8908 -116.8457 161.0
ENG 33.1477 -115.5438 -64.0
ERP 32.7431 -115.6635 -42.0
ERR 33.1167 -115.8227 -56.0
EW2 33.9406 -116.4084 639.0
FHO 34.0936 -116.9359 1614.0
FON 34.0996 -117.4388 449.0
FRD 33.4947 -116.6022 1164.0
FRG 33.7572 -116.0623 887.0
FRK 33.4021 -115.6384 60.0
GAV 34.0225 -117.5049 262.0
GOR 33.1537 -117.2292 138.0
GTM 34.2946 -116.3560 836.0
GVDA 33.6689 -116.6738 1341.0
HAT 33.1705 -115.5883 -64.0
HAY 33.7074 -115.6389 413.0
HDB 34.4007 -116.2874 875.0
HLN 34.1213 -117.2190 236.0
HMT 33.7088 -117.0039 582.0
HWB 33.0262 -116.9596 478.0
IBP 32.6611 -116.0929 879.0
IDO 33.7968 -116.2215 469.0
IDQ 33.7679 -116.2390 29.0
IKP 32.6501 -116.1095 906.0
JCS 33.0859 -116.5959 1264.0
JEM 33.0810 -116.5975 1308.0
JUL 33.0482 -116.6136 1260.0
JVA 34.3662 -116.6127 904.0
KNW 33.7141 -116.7119 1507.0
LIN 33.1473 -115.6387 -64.0
LPC 34.3148 -117.5464 1351.0
LUC 34.4548 -116.9647 855.0
LUG 34.3656 -117.3668 1140.0
LVA2 33.3516 -116.5615 1435.0
MCT 34.2264 -116.0407 661.0
MDA 33.9138 -117.0007 820.0
MGD 33.1888 -116.7606 1300.0
MGE 33.8184 -116.3687 68.0
MIR 33.4162 -116.0817 30.0
MLDN 32.6520 -115.8249 0.1
MLS 34.0046 -117.5616 230.0
MONP2 32.8920 -116.4223 1000.0
MONP 32.8927 -116.4225 1920.0
MSC 34.0385 -116.6479 938.0
MSJ 33.8080 -116.9679 466.0
MTRP 32.8203 -117.0567 200.0
MUR 33.6000 -117.1954 562.0
NSS2 33.5555 -115.9459 17.0
NSS 33.5561 -115.9465 -16.0
NW2 33.0873 -115.6927 -100.0
OBS 33.1752 -115.6379 -64.0
OCCM 32.6463 -115.8785 0.1
OLP 32.6078 -116.9304 159.0
OYSB 32.7188 -115.8557 0.1
PDU 34.1207 -117.6381 445.0
PEC 33.8920 -117.1613 582.0
PER 33.8616 -117.2053 468.0
PFO 33.6117 -116.4594 1259.0
PLC 33.8244 -116.5119 130.0
PLM 33.3536 -116.8627 1691.0
PLS 33.7953 -117.6091 1181.0
PLS 33.7953 -117.6091 1199.0
PMD 33.6478 -116.3777 296.0
PNM 33.9774 -115.8016 1101.0
PNTO 32.6698 -115.7659 0.0
POB 33.6870 -116.9240 974.0
PSD 33.8239 -116.5503 144.0
PSP 33.7937 -116.5497 162.0
RAY 34.0375 -116.8131 2369.0
RDM 33.6300 -116.8478 1365.0
RED 33.1996 -115.6088 -64.0
RMR 34.2128 -116.5763 1663.0
RSB 33.9731 -117.3272 297.0
RSS 33.9733 -117.3267 298.0
RVR 33.9935 -117.3755 266.0
RXH 33.1831 -115.6226 -59.0
SAL 33.2801 -115.9858 14.0
SBP 34.2324 -117.2349 1843.0
SBPX 34.2324 -117.2348 1860.0
SDD 33.5526 -117.6617 120.0
SDG 32.7840 -117.1380 101.0
SDR 32.7356 -116.9424 113.0
SGL 32.6493 -115.7264 75.0
SHCM 32.6482 -115.7624 0.1
SHE 34.2387 -115.7135 750.0
SHF2 32.9333 -115.7039 17.0
SHF7 32.9440 -115.7180 4.0
SIL 34.3480 -116.8275 1698.0
SIM 33.1913 -115.5450 -64.0
SKY 33.7757 -117.1071 774.0
SLB 33.4852 -115.8664 0.0
SLR 33.8336 -116.7974 1567.0
SME 33.8229 -117.3562 466.0
SMER 33.4577 -117.1708 355.0
SND 33.5519 -116.6129 1358.0
SNO 34.0352 -116.8078 2339.0
SOL 32.8410 -117.2480 245.0
SS2 34.2073 -117.5004 1574.0
SSW 33.1775 -115.6156 -64.0
SUN 34.2105 -117.6939 1652.0
SVD 34.1065 -117.0982 605.0
SWS 32.9451 -115.7999 140.0
TA2 34.3820 -117.6782 2249.0
TAB 34.3824 -117.6819 2274.0
THM 33.6507 -116.0773 60.0
THX 33.6349 -116.1640 -31.0
TOR 33.5753 -116.2258 4.0
TPC 34.1056 -116.0494 686.0
TPM 34.3627 -116.0820 1049.0
TRO 33.5234 -116.4257 2628.0
USG 32.7859 -115.8495 0.0
WAGN 32.6914 -115.9289 0.1
WES 32.7590 -115.7316 -8.0
WI2 33.2761 -115.5815 -97.0
WIN 33.6830 -117.1037 600.0
WLA 33.0976 -115.5306 -61.5
WMC 33.5736 -116.6747 1271.0
WWC 33.9407 -116.4088 619.0
YAQ 33.1666 -116.3539 430.0
YOU 33.1330 -115.6060 -64.0
YUH 32.6473 -115.9225 158.0
