1
-20.0 34.2239 -117.3310
1
1
1
-20.0 32.9548 -115.8243
1
1
1
-20.0 33.1775 -115.6156
1
1
1
-20.0 33.3526 -115.7332
1
1
1
-20.0 34.0490 -116.9403
1
1
1
-20.0 33.8445 -116.3108
1
1
1
-20.0 33.6346 -116.0953
1
1
1
-20.0 33.6384 -116.4011
1
1
1
-20.0 33.7112 -116.7142
1
1
1
-20.0 33.5982 -116.5960
1
1
1
-20.0 33.6116 -116.4564
1
1
1
-20.0 33.5575 -116.5310
1
1
1
-20.0 33.4955 -116.6027
1
1
1
-20.0 33.5937 -116.7641
1
1
1
-20.0 33.6122 -117.0406
1
1
1
-20.0 33.4583 -115.8415
1
1
1
-20.0 33.3526 -115.7332
1
1
1
-20.0 34.2623 -116.9207
1
1
1
-20.0 33.9214 -116.9806
1
1
1
-20.0 33.5751 -117.2612
1
1
1
-20.0 34.2388 -117.6585
1
1
1
-20.0 34.0693 -116.3899
1
1
1
-20.0 34.0695 -116.3890
1
1
1
-20.0 33.3646 -115.7296
1
1
1
-20.0 33.2682 -116.4172
1
1
1
-20.0 34.2570 -117.0052
1
1
1
-20.0 33.3267 -116.3671
1
1
1
-20.0 33.4915 -116.6670
1
1
1
-20.0 32.9158 -116.2523
1
1
1
-20.0 34.1054 -117.2829
1
1
1
-20.0 34.0355 -117.1124
1
1
1
-20.0 33.9988 -117.6804
1
1
1
-20.0 33.1403 -115.5266
1
1
1
-20.0 34.0928 -117.3169
1
1
1
-20.0 32.8495 -115.7279
1
1
1
-20.0 32.7539 -115.9509
1
1
1
-20.0 33.8757 -117.5611
1
1
1
-20.0 32.8868 -115.9692
1
1
1
-20.0 33.5654 -116.7373
1
1
1
-20.0 34.2980 -117.3583
1
1
1
-20.0 33.6552 -115.9901
1
1
1
-20.0 33.6773 -115.8721
1
1
1
-20.0 33.9360 -116.5779
1
1
1
-20.0 33.6500 -117.0095
1
1
1
-20.0 33.5667 -116.6306
1
1
1
-20.0 33.1772 -115.6134
1
1
1
-20.0 33.1477 -115.5438
1
1
1
-20.0 32.7431 -115.6635
1
1
1
-20.0 33.1167 -115.8227
1
1
1
-20.0 33.9406 -116.4084
1
1
1
-20.0 34.0936 -116.9359
1
1
1
-20.0 34.0996 -117.4388
1
1
1
-20.0 33.4947 -116.6022
1
1
1
-20.0 33.7572 -116.0623
1
1
1
-20.0 33.4021 -115.6384
1
1
1
-20.0 34.0225 -117.5049
1
1
1
-20.0 33.6689 -116.6738
1
1
1
-20.0 33.1705 -115.5883
1
1
1
-20.0 34.1213 -117.2190
1
1
1
-20.0 33.7088 -117.0039
1
1
1
-20.0 32.6611 -116.0929
1
1
1
-20.0 33.7968 -116.2215
1
1
1
-20.0 33.7679 -116.2390
1
1
1
-20.0 32.6501 -116.1095
1
1
1
-20.0 33.0859 -116.5959
1
1
1
-20.0 33.0810 -116.5975
1
1
1
-20.0 33.0482 -116.6136
1
1
1
-20.0 33.7141 -116.7119
1
1
1
-20.0 33.1473 -115.6387
1
1
1
-20.0 34.3148 -117.5464
1
1
1
-20.0 34.4548 -116.9647
1
1
1
-20.0 34.3656 -117.3668
1
1
1
-20.0 33.3516 -116.5615
1
1
1
-20.0 33.9138 -117.0007
1
1
1
-20.0 33.1888 -116.7606
1
1
1
-20.0 33.8184 -116.3687
1
1
1
-20.0 33.4162 -116.0817
1
1
1
-20.0 32.6520 -115.8249
1
1
1
-20.0 34.0046 -117.5616
1
1
1
-20.0 32.8927 -116.4225
1
1
1
-20.0 34.0385 -116.6479
1
1
1
-20.0 33.8080 -116.9679
1
1
1
-20.0 33.6000 -117.1954
1
1
1
-20.0 33.5555 -115.9459
1
1
1
-20.0 33.5561 -115.9465
1
1
1
-20.0 33.0873 -115.6927
1
1
1
-20.0 33.1752 -115.6379
1
1
1
-20.0 32.6463 -115.8785
1
1
1
-20.0 32.7188 -115.8557
1
1
1
-20.0 34.1207 -117.6381
1
1
1
-20.0 33.8920 -117.1613
1
1
1
-20.0 33.8616 -117.2053
1
1
1
-20.0 33.6117 -116.4594
1
1
1
-20.0 33.8244 -116.5119
1
1
1
-20.0 33.3536 -116.8627
1
1
1
-20.0 33.7953 -117.6091
1
1
1
-20.0 33.6478 -116.3777
1
1
1
-20.0 32.6698 -115.7659
1
1
1
-20.0 33.6870 -116.9240
1
1
1
-20.0 33.8239 -116.5503
1
1
1
-20.0 33.7937 -116.5497
1
1
1
-20.0 34.0375 -116.8131
1
1
1
-20.0 33.6300 -116.8478
1
1
1
-20.0 33.1996 -115.6088
1
1
1
-20.0 34.2128 -116.5763
1
1
1
-20.0 33.9731 -117.3272
1
1
1
-20.0 33.9733 -117.3267
1
1
1
-20.0 33.9935 -117.3755
1
1
1
-20.0 33.1831 -115.6226
1
1
1
-20.0 33.2801 -115.9858
1
1
1
-20.0 34.2324 -117.2349
1
1
1
-20.0 34.2324 -117.2348
1
1
1
-20.0 32.6493 -115.7264
1
1
1
-20.0 32.6482 -115.7624
1
1
1
-20.0 32.9333 -115.7039
1
1
1
-20.0 32.9440 -115.7180
1
1
1
-20.0 34.3480 -116.8275
1
1
1
-20.0 33.1913 -115.5450
1
1
1
-20.0 33.7757 -117.1071
1
1
1
-20.0 33.4852 -115.8664
1
1
1
-20.0 33.8336 -116.7974
1
1
1
-20.0 33.8229 -117.3562
1
1
1
-20.0 33.4577 -117.1708
1
1
1
-20.0 33.5519 -116.6129
1
1
1
-20.0 34.0352 -116.8078
1
1
1
-20.0 34.2073 -117.5004
1
1
1
-20.0 33.1775 -115.6156
1
1
1
-20.0 34.2105 -117.6939
1
1
1
-20.0 34.1065 -117.0982
1
1
1
-20.0 32.9451 -115.7999
1
1
1
-20.0 33.6507 -116.0773
1
1
1
-20.0 33.6349 -116.1640
1
1
1
-20.0 33.5753 -116.2258
1
1
1
-20.0 33.5234 -116.4257
1
1
1
-20.0 32.7859 -115.8495
1
1
1
-20.0 32.6914 -115.9289
1
1
1
-20.0 32.7590 -115.7316
1
1
1
-20.0 33.2761 -115.5815
1
1
1
-20.0 33.6830 -117.1037
1
1
1
-20.0 33.0976 -115.5306
1
1
1
-20.0 33.5736 -116.6747
1
1
1
-20.0 33.9407 -116.4088
1
1
1
-20.0 33.9460 -116.6446
1
1
1
-20.0 33.9442 -116.6450
1
1
1
-20.0 33.1666 -116.3539
1
1
1
-20.0 33.1330 -115.6060
1
1
1
-20.0 32.6473 -115.9225
1
1
1
