           4
          13          13
  3.525565089028546E-002  3.525565089028546E-002
 -3.737098994370258E-002 -3.737098994370258E-002
   6371.00000000000     
   6371.00000000000     
   6371.00000000000     
   6371.00000000000     
   6371.00000000000     
   6371.00000000000     
   6371.00000000000     
   6371.00000000000     
   6371.00000000000     
   6371.00000000000     
   6371.00000000000     
   6371.00000000000     
   6371.00000000000     
   6371.00000000000     
   6371.00000000000     
   6371.00000000000     
   6371.00000000000     
   6371.00000000000     
   6371.00000000000     
   6371.00000000000     
   6371.00000000000     
   6371.00000000000     
   6371.00000000000     
   6371.00000000000     
   6371.00000000000     
   6371.00000000000     
   6371.00000000000     
   6371.00000000000     
   6371.00000000000     
   6371.00000000000     
   6371.00000000000     
   6371.00000000000     
   6371.00000000000     
   6371.00000000000     
   6371.00000000000     
   6371.00000000000     
   6371.00000000000     
   6371.00000000000     
   6371.00000000000     
   6371.00000000000     
   6371.00000000000     
   6371.00000000000     
   6371.00000000000     
   6371.00000000000     
   6371.00000000000     
   6371.00000000000     
   6371.00000000000     
   6371.00000000000     
   6371.00000000000     
   6371.00000000000     
   6371.00000000000     
   6371.00000000000     
   6371.00000000000     
   6371.00000000000     
   6371.00000000000     
   6371.00000000000     
   6371.00000000000     
   6371.00000000000     
   6371.00000000000     
   6371.00000000000     
   6371.00000000000     
   6371.00000000000     
   6371.00000000000     
   6371.00000000000     
   6371.00000000000     
   6371.00000000000     
   6371.00000000000     
   6371.00000000000     
   6371.00000000000     
   6371.00000000000     
   6371.00000000000     
   6371.00000000000     
   6371.00000000000     
   6371.00000000000     
   6371.00000000000     
   6371.00000000000     
   6371.00000000000     
   6371.00000000000     
   6371.00000000000     
   6371.00000000000     
   6371.00000000000     
   6371.00000000000     
   6371.00000000000     
   6371.00000000000     
   6371.00000000000     
   6371.00000000000     
   6371.00000000000     
   6371.00000000000     
   6371.00000000000     
   6371.00000000000     
   6371.00000000000     
   6371.00000000000     
   6371.00000000000     
   6371.00000000000     
   6371.00000000000     
   6371.00000000000     
   6371.00000000000     
   6371.00000000000     
   6371.00000000000     
   6371.00000000000     
   6371.00000000000     
   6371.00000000000     
   6371.00000000000     
   6371.00000000000     
   6371.00000000000     
   6371.00000000000     
   6371.00000000000     
   6371.00000000000     
   6371.00000000000     
   6371.00000000000     
   6371.00000000000     
   6371.00000000000     
   6371.00000000000     
   6371.00000000000     
   6371.00000000000     
   6371.00000000000     
   6371.00000000000     
   6371.00000000000     
   6371.00000000000     
   6371.00000000000     
   6371.00000000000     
   6371.00000000000     
   6371.00000000000     
   6371.00000000000     
   6371.00000000000     
   6371.00000000000     
   6371.00000000000     
   6371.00000000000     
   6371.00000000000     
   6371.00000000000     
   6371.00000000000     
   6371.00000000000     
   6371.00000000000     
   6371.00000000000     
   6371.00000000000     
   6371.00000000000     
   6371.00000000000     
   6371.00000000000     
   6371.00000000000     
   6371.00000000000     
   6371.00000000000     
   6371.00000000000     
   6371.00000000000     
   6371.00000000000     
   6371.00000000000     
   6371.00000000000     
   6371.00000000000     
   6371.00000000000     
   6371.00000000000     
   6371.00000000000     
   6371.00000000000     
   6371.00000000000     
   6371.00000000000     
   6371.00000000000     
   6371.00000000000     
   6371.00000000000     
   6371.00000000000     
   6371.00000000000     
   6371.00000000000     
   6371.00000000000     
   6371.00000000000     
   6371.00000000000     
   6371.00000000000     
   6371.00000000000     
   6371.00000000000     
   6371.00000000000     
   6371.00000000000     
   6371.00000000000     
   6371.00000000000     
   5721.00000000000     
   5721.00000000000     
   5721.00000000000     
   5721.00000000000     
   5721.00000000000     
   5721.00000000000     
   5721.00000000000     
   5721.00000000000     
   5721.00000000000     
   5721.00000000000     
   5721.00000000000     
   5721.00000000000     
   5721.00000000000     
   5804.33333333333     
   5804.33333333333     
   5804.33333333333     
   5804.33333333333     
   5804.33333333333     
   5804.33333333333     
   5804.33333333333     
   5804.33333333333     
   5804.33333333333     
   5804.33333333333     
   5804.33333333333     
   5804.33333333333     
   5804.33333333333     
   5887.66666666667     
   5887.66666666667     
   5887.66666666667     
   5887.66666666667     
   5887.66666666667     
   5887.66666666667     
   5887.66666666667     
   5887.66666666667     
   5887.66666666667     
   5887.66666666667     
   5887.66666666667     
   5887.66666666667     
   5887.66666666667     
   5971.00000000000     
   5971.00000000000     
   5971.00000000000     
   5971.00000000000     
   5971.00000000000     
   5971.00000000000     
   5971.00000000000     
   5971.00000000000     
   5971.00000000000     
   5971.00000000000     
   5971.00000000000     
   5971.00000000000     
   5971.00000000000     
   6054.33333333333     
   6054.33333333333     
   6054.33333333333     
   6054.33333333333     
   6054.33333333333     
   6054.33333333333     
   6054.33333333333     
   6054.33333333333     
   6054.33333333333     
   6054.33333333333     
   6054.33333333333     
   6054.33333333333     
   6054.33333333333     
   6137.66666666667     
   6137.66666666667     
   6137.66666666667     
   6137.66666666667     
   6137.66666666667     
   6137.66666666667     
   6137.66666666667     
   6137.66666666667     
   6137.66666666667     
   6137.66666666667     
   6137.66666666667     
   6137.66666666667     
   6137.66666666667     
   6221.00000000000     
   6221.00000000000     
   6221.00000000000     
   6221.00000000000     
   6221.00000000000     
   6221.00000000000     
   6221.00000000000     
   6221.00000000000     
   6221.00000000000     
   6221.00000000000     
   6221.00000000000     
   6221.00000000000     
   6221.00000000000     
   6304.33333333333     
   6304.33333333333     
   6304.33333333333     
   6304.33333333333     
   6304.33333333333     
   6304.33333333333     
   6304.33333333333     
   6304.33333333333     
   6304.33333333333     
   6304.33333333333     
   6304.33333333333     
   6304.33333333333     
   6304.33333333333     
   6387.66666666667     
   6387.66666666667     
   6387.66666666667     
   6387.66666666667     
   6387.66666666667     
   6387.66666666667     
   6387.66666666667     
   6387.66666666667     
   6387.66666666667     
   6387.66666666667     
   6387.66666666667     
   6387.66666666667     
   6387.66666666667     
   6471.00000000000     
   6471.00000000000     
   6471.00000000000     
   6471.00000000000     
   6471.00000000000     
   6471.00000000000     
   6471.00000000000     
   6471.00000000000     
   6471.00000000000     
   6471.00000000000     
   6471.00000000000     
   6471.00000000000     
   6471.00000000000     
   6554.33333333333     
   6554.33333333333     
   6554.33333333333     
   6554.33333333333     
   6554.33333333333     
   6554.33333333333     
   6554.33333333333     
   6554.33333333333     
   6554.33333333333     
   6554.33333333333     
   6554.33333333333     
   6554.33333333333     
   6554.33333333333     
   6637.66666666667     
   6637.66666666667     
   6637.66666666667     
   6637.66666666667     
   6637.66666666667     
   6637.66666666667     
   6637.66666666667     
   6637.66666666667     
   6637.66666666667     
   6637.66666666667     
   6637.66666666667     
   6637.66666666667     
   6637.66666666667     
   6721.00000000000     
   6721.00000000000     
   6721.00000000000     
   6721.00000000000     
   6721.00000000000     
   6721.00000000000     
   6721.00000000000     
   6721.00000000000     
   6721.00000000000     
   6721.00000000000     
   6721.00000000000     
   6721.00000000000     
   6721.00000000000     
   5921.00000000000     
   5921.00000000000     
   5921.00000000000     
   5921.00000000000     
   5921.00000000000     
   5921.00000000000     
   5921.00000000000     
   5921.00000000000     
   5921.00000000000     
   5921.00000000000     
   5921.00000000000     
   5921.00000000000     
   5921.00000000000     
   5904.33333333333     
   5904.33333333333     
   5904.33333333333     
   5904.33333333333     
   5904.33333333333     
   5904.33333333333     
   5904.33333333333     
   5904.33333333333     
   5904.33333333333     
   5904.33333333333     
   5904.33333333333     
   5904.33333333333     
   5904.33333333333     
   5887.66666666667     
   5887.66666666667     
   5887.66666666667     
   5887.66666666667     
   5887.66666666667     
   5887.66666666667     
   5887.66666666667     
   5887.66666666667     
   5887.66666666667     
   5887.66666666667     
   5887.66666666667     
   5887.66666666667     
   5887.66666666667     
   5871.00000000000     
   5871.00000000000     
   5871.00000000000     
   5871.00000000000     
   5871.00000000000     
   5871.00000000000     
   5871.00000000000     
   5871.00000000000     
   5871.00000000000     
   5871.00000000000     
   5871.00000000000     
   5871.00000000000     
   5871.00000000000     
   5854.33333333333     
   5854.33333333333     
   5854.33333333333     
   5854.33333333333     
   5854.33333333333     
   5854.33333333333     
   5854.33333333333     
   5854.33333333333     
   5854.33333333333     
   5854.33333333333     
   5854.33333333333     
   5854.33333333333     
   5854.33333333333     
   5837.66666666667     
   5837.66666666667     
   5837.66666666667     
   5837.66666666667     
   5837.66666666667     
   5837.66666666667     
   5837.66666666667     
   5837.66666666667     
   5837.66666666667     
   5837.66666666667     
   5837.66666666667     
   5837.66666666667     
   5837.66666666667     
   5821.00000000000     
   5821.00000000000     
   5821.00000000000     
   5821.00000000000     
   5821.00000000000     
   5821.00000000000     
   5821.00000000000     
   5821.00000000000     
   5821.00000000000     
   5821.00000000000     
   5821.00000000000     
   5821.00000000000     
   5821.00000000000     
   5804.33333333333     
   5804.33333333333     
   5804.33333333333     
   5804.33333333333     
   5804.33333333333     
   5804.33333333333     
   5804.33333333333     
   5804.33333333333     
   5804.33333333333     
   5804.33333333333     
   5804.33333333333     
   5804.33333333333     
   5804.33333333333     
   5787.66666666667     
   5787.66666666667     
   5787.66666666667     
   5787.66666666667     
   5787.66666666667     
   5787.66666666667     
   5787.66666666667     
   5787.66666666667     
   5787.66666666667     
   5787.66666666667     
   5787.66666666667     
   5787.66666666667     
   5787.66666666667     
   5771.00000000000     
   5771.00000000000     
   5771.00000000000     
   5771.00000000000     
   5771.00000000000     
   5771.00000000000     
   5771.00000000000     
   5771.00000000000     
   5771.00000000000     
   5771.00000000000     
   5771.00000000000     
   5771.00000000000     
   5771.00000000000     
   5754.33333333333     
   5754.33333333333     
   5754.33333333333     
   5754.33333333333     
   5754.33333333333     
   5754.33333333333     
   5754.33333333333     
   5754.33333333333     
   5754.33333333333     
   5754.33333333333     
   5754.33333333333     
   5754.33333333333     
   5754.33333333333     
   5737.66666666667     
   5737.66666666667     
   5737.66666666667     
   5737.66666666667     
   5737.66666666667     
   5737.66666666667     
   5737.66666666667     
   5737.66666666667     
   5737.66666666667     
   5737.66666666667     
   5737.66666666667     
   5737.66666666667     
   5737.66666666667     
   5721.00000000000     
   5721.00000000000     
   5721.00000000000     
   5721.00000000000     
   5721.00000000000     
   5721.00000000000     
   5721.00000000000     
   5721.00000000000     
   5721.00000000000     
   5721.00000000000     
   5721.00000000000     
   5721.00000000000     
   5721.00000000000     
   5371.00000000000     
   5371.00000000000     
   5371.00000000000     
   5371.00000000000     
   5371.00000000000     
   5371.00000000000     
   5371.00000000000     
   5371.00000000000     
   5371.00000000000     
   5371.00000000000     
   5371.00000000000     
   5371.00000000000     
   5371.00000000000     
   5371.00000000000     
   5371.00000000000     
   5371.00000000000     
   5371.00000000000     
   5371.00000000000     
   5371.00000000000     
   5371.00000000000     
   5371.00000000000     
   5371.00000000000     
   5371.00000000000     
   5371.00000000000     
   5371.00000000000     
   5371.00000000000     
   5371.00000000000     
   5371.00000000000     
   5371.00000000000     
   5371.00000000000     
   5371.00000000000     
   5371.00000000000     
   5371.00000000000     
   5371.00000000000     
   5371.00000000000     
   5371.00000000000     
   5371.00000000000     
   5371.00000000000     
   5371.00000000000     
   5371.00000000000     
   5371.00000000000     
   5371.00000000000     
   5371.00000000000     
   5371.00000000000     
   5371.00000000000     
   5371.00000000000     
   5371.00000000000     
   5371.00000000000     
   5371.00000000000     
   5371.00000000000     
   5371.00000000000     
   5371.00000000000     
   5371.00000000000     
   5371.00000000000     
   5371.00000000000     
   5371.00000000000     
   5371.00000000000     
   5371.00000000000     
   5371.00000000000     
   5371.00000000000     
   5371.00000000000     
   5371.00000000000     
   5371.00000000000     
   5371.00000000000     
   5371.00000000000     
   5371.00000000000     
   5371.00000000000     
   5371.00000000000     
   5371.00000000000     
   5371.00000000000     
   5371.00000000000     
   5371.00000000000     
   5371.00000000000     
   5371.00000000000     
   5371.00000000000     
   5371.00000000000     
   5371.00000000000     
   5371.00000000000     
   5371.00000000000     
   5371.00000000000     
   5371.00000000000     
   5371.00000000000     
   5371.00000000000     
   5371.00000000000     
   5371.00000000000     
   5371.00000000000     
   5371.00000000000     
   5371.00000000000     
   5371.00000000000     
   5371.00000000000     
   5371.00000000000     
   5371.00000000000     
   5371.00000000000     
   5371.00000000000     
   5371.00000000000     
   5371.00000000000     
   5371.00000000000     
   5371.00000000000     
   5371.00000000000     
   5371.00000000000     
   5371.00000000000     
   5371.00000000000     
   5371.00000000000     
   5371.00000000000     
   5371.00000000000     
   5371.00000000000     
   5371.00000000000     
   5371.00000000000     
   5371.00000000000     
   5371.00000000000     
   5371.00000000000     
   5371.00000000000     
   5371.00000000000     
   5371.00000000000     
   5371.00000000000     
   5371.00000000000     
   5371.00000000000     
   5371.00000000000     
   5371.00000000000     
   5371.00000000000     
   5371.00000000000     
   5371.00000000000     
   5371.00000000000     
   5371.00000000000     
   5371.00000000000     
   5371.00000000000     
   5371.00000000000     
   5371.00000000000     
   5371.00000000000     
   5371.00000000000     
   5371.00000000000     
   5371.00000000000     
   5371.00000000000     
   5371.00000000000     
   5371.00000000000     
   5371.00000000000     
   5371.00000000000     
   5371.00000000000     
   5371.00000000000     
   5371.00000000000     
   5371.00000000000     
   5371.00000000000     
   5371.00000000000     
   5371.00000000000     
   5371.00000000000     
   5371.00000000000     
   5371.00000000000     
   5371.00000000000     
   5371.00000000000     
   5371.00000000000     
   5371.00000000000     
   5371.00000000000     
   5371.00000000000     
   5371.00000000000     
   5371.00000000000     
   5371.00000000000     
   5371.00000000000     
   5371.00000000000     
   5371.00000000000     
   5371.00000000000     
   5371.00000000000     
   5371.00000000000     
   5371.00000000000     
   5371.00000000000     
   5371.00000000000     
   5371.00000000000     
   5371.00000000000     
   5371.00000000000     
   5371.00000000000     
